0.17523207 0.09053906 0.18345435
0.50473548 0.26704622 0.59455258
0.72040082 0.98034634 0.00280058
0.28059163 0.36636706 0.64269224
0.00159751 0.85729977 0.57887897
0.54891999 0.22570989 0.76210185
0.68155291 0.07156972 0.71967034
0.85992321 0.75433486 0.63728716
0.59631124 0.75369458 0.18367958
0.07273569 0.21497176 0.46874405
0.46023037 0.09315831 0.87935038
0.64699535 0.55240316 0.40517259
0.35919354 0.11669025 0.41414118
0.20180893 0.00147826 0.58346608
0.37440608 0.59325727 0.98385881
0.29072640 0.14338272 0.71308273
0.86785283 0.65379090 0.84113879
0.82343676 0.05694916 0.85148414
0.55003185 0.10169293 0.46785285
0.67036858 0.31652142 0.75758702
0.00737665 0.05297064 0.98184590
0.45872804 0.12678898 0.07544767
0.96611232 0.64257963 0.14622541
0.81041050 0.95546271 0.31118155
0.14812811 0.62957186 0.38378421
0.63472430 0.01567911 0.86245279
0.42198769 0.53245556 0.74776486
0.47319632 0.76313187 0.56063944
0.07018468 0.82608780 0.96836225
0.09520113 0.92189075 0.90965986
0.95696513 0.06622977 0.44681754
0.66650922 0.92632579 0.06504261
0.88468078 0.70780747 0.73030133
0.54686904 0.01303904 0.28694909
0.18193557 0.00374234 0.06473873
0.61498577 0.93548161 0.51043031
0.62395176 0.33826434 0.32609972
0.72846284 0.85338004 0.18676230
0.18252118 0.56754853 0.09857860
0.21430192 0.79685008 0.04966415
0.35164174 0.43362749 0.97202766
0.55449274 0.60852511 0.50954506
0.71147872 0.31162692 0.35582018
0.32903677 0.63151171 0.44347262
0.65519553 0.71993807 0.14876867
0.21342444 0.90888670 0.39662490
0.66565178 0.33468560 0.52543713
0.56517647 0.17591940 0.89930230
0.18999865 0.62640324 0.18651334
0.04994708 0.56320638 0.12804858
0.11707770 0.70159355 0.76774356
0.39678438 0.11636081 0.34488039
0.33415887 0.62710064 0.16417083
0.73585327 0.04904084 0.64360044
0.23990441 0.10004472 0.40763660
0.87323154 0.11304648 0.35230525
0.17512805 0.92113222 0.78740798
0.12111435 0.99877119 0.45649900
0.00685240 0.39339837 0.54952063
0.91495788 0.11996676 0.78099684
0.39904195 0.25992792 0.21777386
0.83321144 0.33666746 0.60533718
0.17588023 0.04315040 0.77714272
0.28345130 0.65847102 0.00533765
0.18960837 0.21898689 0.62392567
0.31863515 0.81982689 0.81035314
0.01695686 0.60791758 0.45991762
0.90476758 0.28116799 0.77975239
0.32169287 0.22436143 0.91378008
0.66321503 0.60137515 0.46876015
0.70959143 0.58198054 0.64408703
0.68132664 0.57505865 0.24987611
0.00681550 0.22010741 0.64897723
0.84214792 0.32736793 0.85187514
0.99881966 0.37596733 0.37841033
0.53771979 0.72866033 0.13047514
0.35979879 0.91344571 0.78963429
0.25479933 0.11328984 0.95160646
0.89944250 0.92970712 0.35529497
0.47729316 0.94410832 0.64359712
0.35326668 0.97032969 0.40974603
0.56405639 0.15926802 0.54274529
0.44722266 0.74873480 0.15571846
0.39910052 0.98429579 0.43563610
0.69098493 0.39623876 0.47644110
0.19227899 0.10861424 0.09854983
0.50623290 0.44683634 0.75072351
0.53994239 0.36623130 0.23155009
0.22080892 0.18516470 0.55797201
0.45891366 0.27893757 0.37084315
0.44725812 0.89614606 0.39221506
0.95158000 0.18652449 0.05632773
0.49223960 0.54761051 0.31361878
0.03502326 0.57956399 0.16760150
0.09896361 0.93101912 0.62755101
0.46579651 0.38429271 0.64373686
0.12462274 0.79480216 0.11190381
0.82033316 0.18997379 0.61724299
0.30165580 0.88446595 0.99285908
0.92121888 0.61317721 0.53734948
0.97643841 0.46455453 0.98944694
0.35626134 0.27900375 0.56485980
0.02572321 0.23873587 0.68130527
0.77439308 0.63454604 0.94365474
0.16483863 0.53500773 0.32540900
0.65925439 0.02260988 0.43598415
0.09759151 0.71117394 0.40136213
0.17152350 0.77425771 0.29518954
0.49760758 0.20581528 0.90108662
0.58701526 0.35980447 0.69980153
0.81952817 0.70220237 0.64810664
0.52323952 0.92347260 0.43314632
0.66605004 0.59059450 0.58777966
0.16488352 0.64886527 0.66477585
0.26855520 0.76699282 0.14878552
0.47584937 0.22140105 0.43847954
0.94704251 0.58962471 0.55305146
0.25383887 0.36752013 0.55728514
0.93211285 0.63565953 0.40834567
0.36829237 0.87254220 0.41109236
0.07312689 0.92798636 0.27688862
0.23322278 0.04951675 0.68171112
0.17544446 0.76360815 0.48851972
0.66945241 0.00924058 0.55036636
0.54739910 0.44823270 0.65045688
0.14026134 0.79644684 0.81080295
0.43844450 0.50960581 0.62510296
0.91106273 0.61334208 0.85178741
0.74856740 0.10429026 0.74567559
0.97699192 0.26449313 0.75384994
0.80277414 0.80558596 0.57388292
0.50724667 0.79457817 0.51777949
0.45936790 0.02546335 0.44676770
0.55342255 0.15488783 0.18699156
0.63167878 0.64485904 0.92837099
0.80728329 0.34261085 0.32693354
0.06443323 0.37133849 0.79479886
0.14436904 0.57656119 0.07022117
0.39174244 0.68605877 0.48313263
0.78960766 0.23423737 0.74848798
0.03370583 0.26870114 0.12396582
0.63719078 0.39831366 0.09257237
0.47618546 0.79471068 0.09167170
0.03542066 0.59288046 0.83943631
0.45017265 0.62681659 0.11963368
0.33591591 0.47647953 0.21395812
0.57450207 0.22021095 0.55017076
0.49944060 0.19286373 0.65215361
0.48562465 0.76725224 0.12443309
0.78314025 0.92486957 0.25594647
0.33585030 0.23921209 0.24490929
0.01887671 0.53650162 0.78576602
0.22821259 0.59944671 0.57926314
0.65870992 0.13044889 0.08452940
0.88375282 0.65337763 0.18501027
0.24764033 0.51630370 0.11913308
0.54704368 0.19126634 0.60531886
0.56061943 0.74250124 0.95578579
0.21883132 0.05356811 0.21446385
0.19082530 0.07318208 0.17708678
0.77510520 0.53746642 0.54584160
0.73084265 0.63230179 0.77701276
0.67164893 0.73199650 0.82341156
0.14211347 0.79642124 0.91878495
0.52256282 0.83738860 0.15785462
0.57668882 0.98497663 0.76435379
0.72980092 0.69427101 0.33383839
0.04058456 0.38678369 0.02108518
0.45444500 0.76015097 0.11237946
0.74554615 0.51777602 0.13709614
0.74012955 0.54868962 0.07188496
0.52671111 0.71141183 0.81857074
0.55174306 0.78417664 0.27039883
0.69523998 0.92514767 0.19079641
0.85311211 0.48006682 0.73093963
0.53694070 0.97176425 0.70319517
0.77117067 0.16231673 0.52952522
0.89542994 0.19907781 0.29665225
0.78253017 0.00798020 0.88126615
0.04150782 0.73940210 0.88846769
0.68567783 0.49456239 0.46863370
0.16103790 0.42923009 0.82984454
0.77115747 0.02482253 0.95147760
0.14435376 0.14392184 0.21505656
0.87057694 0.75081990 0.47285080
0.71375240 0.10471939 0.83238610
0.08627292 0.56195635 0.89108095
0.55594817 0.88316590 0.57294454
0.72551283 0.86707791 0.76772915
0.39561776 0.13668827 0.31642046
0.69230970 0.73332141 0.62409978
0.65588855 0.10905851 0.67713564
0.89435104 0.95401696 0.80040252
0.69858753 0.12055699 0.69746054
0.30771557 0.39607955 0.99052127
0.76819187 0.96501152 0.00203556
0.35205836 0.69147905 0.92271967
0.72827272 0.65413469 0.17879057
0.85205514 0.19147786 0.85005878
0.85824788 0.00830987 0.06053801
0.91502474 0.43511859 0.83265694
0.29465334 0.98104054 0.03164901
0.75938442 0.13302759 0.24045286
0.79979540 0.50840827 0.92231034
0.49457842 0.41478746 0.85177147
0.78227746 0.36146556 0.11801027
0.36055471 0.06524663 0.67403288
0.59240459 0.25578456 0.43442779
0.76916926 0.37149000 0.57892363
0.21789148 0.56230035 0.84999701
0.47596344 0.55198048 0.96613974
0.76447259 0.82433494 0.06932095
0.16639547 0.24686918 0.42733443
0.26479194 0.60308705 0.90070048
0.39235144 0.51958424 0.05246574
0.27247937 0.37979995 0.47371863
0.88693894 0.22673425 0.84354905
0.83612207 0.51326516 0.35183995
0.61171219 0.34942726 0.70298723
0.38629397 0.37422396 0.91860053
0.95399868 0.40801768 0.82385006
0.18647674 0.45128072 0.14595286
0.25211065 0.88613451 0.07818272
0.09849055 0.51379675 0.72069462
0.87460887 0.59503576 0.64961355
0.72923788 0.45266812 0.89234315
0.14950552 0.01019134 0.98924471
0.71291428 0.17297906 0.27286438
0.99210016 0.73357516 0.63576757
0.77778513 0.13007056 0.63392835
0.60840752 0.20601305 0.36587163
0.48165554 0.82425497 0.92960182
0.65245164 0.18124202 0.46550297
0.11560496 0.78745434 0.62657379
0.87859763 0.70790197 0.34512170
0.21092500 0.91152931 0.92078640
0.23560470 0.20736770 0.08061813
0.30949653 0.14045936 0.14842525
0.95828342 0.23293439 0.27663528
0.07766912 0.20038957 0.57303431
0.08109378 0.47702614 0.17951141
0.50926276 0.19643908 0.25438112
0.41945420 0.96035615 0.06572539
0.82416277 0.19496021 0.57074294
0.63035368 0.64640159 0.77767811
0.25212877 0.92816741 0.74091797
0.33551641 0.79931136 0.18350843
0.33381226 0.23043627 0.06143386
0.96076992 0.04193467 0.58339993
0.56032775 0.75370138 0.93963422
0.51166864 0.27151416 0.30352599
0.92176640 0.02326846 0.25372640
0.94894974 0.12469394 0.80900752
0.96297619 0.95985151 0.39550560
0.44013299 0.15821514 0.10996392
0.14313546 0.13680436 0.61651224
0.71464478 0.88040338 0.56648506
0.38759334 0.65442775 0.47694554
0.67749163 0.68468840 0.63150830
0.63169192 0.87814356 0.95217447
0.89223207 0.05497134 0.24986647
0.48408622 0.89910390 0.64176320
0.07631447 0.29091926 0.42068684
0.93420868 0.68160285 0.46416125
0.33961741 0.32325968 0.88676979
0.70956685 0.11298994 0.03829995
0.49811143 0.22080806 0.96979825
0.19856408 0.81852056 0.73725538
0.12689148 0.43536437 0.62276323
0.33312064 0.08272087 0.65235672
0.48562680 0.08024998 0.97642338
0.03229894 0.19878160 0.05511678
0.93115536 0.82483182 0.81311548
0.13954359 0.19432662 0.71755347
0.26522800 0.94707375 0.91030244
0.74984832 0.98227133 0.81898663
0.36255377 0.56576292 0.51615911
0.00338262 0.77768295 0.07418179
0.16403158 0.36500121 0.46174773
0.86262600 0.91032769 0.21196162
0.88500781 0.89123849 0.79102101
0.73499896 0.55403969 0.44743269
0.26665151 0.78252265 0.56563956
0.05946010 0.86675254 0.56048138
0.28866593 0.00382168 0.73043327
0.78497360 0.43475504 0.54262053
0.85246849 0.65407709 0.52005094
0.45289864 0.10141986 0.36026853
0.05518320 0.80252728 0.61171632
0.52162348 0.76947526 0.66926963
0.62982474 0.11275460 0.86338534
0.84189689 0.08857280 0.34918778
0.62430282 0.23872995 0.00911997
0.26486901 0.67653508 0.34569700
0.32657528 0.48549335 0.48383034
0.88948941 0.83945963 0.03172031
0.90087549 0.26721409 0.80623368
0.93495747 0.35168203 0.30717802
0.92865390 0.73541945 0.22673225
0.08281792 0.59841079 0.23472414
0.56096406 0.75802008 0.56287395
0.45083013 0.26095298 0.64895138
0.11600034 0.07653538 0.77813528
0.04868016 0.29585762 0.42505502
0.91134314 0.70367432 0.33689606
0.20004273 0.49640105 0.46566637
0.96691716 0.83275176 0.07229339
0.21596903 0.07966876 0.29696695
0.05692232 0.35705139 0.35873344
0.34909930 0.94250114 0.11706725
0.69688302 0.73407841 0.31772646
0.08250396 0.66609142 0.40122425
0.19810127 0.45628737 0.97614607
0.83876714 0.14412874 0.89142944
0.09943942 0.20414567 0.05720004
0.26620878 0.98740491 0.38551115
0.23294015 0.97904049 0.64636130
0.61621089 0.28939939 0.47286963
0.42179326 0.12388471 0.71073325
0.82495405 0.53314004 0.22558085
0.06171407 0.49576881 0.68175154
0.57758976 0.03889132 0.14463663
0.03161861 0.14592527 0.30466377
0.25272301 0.98050019 0.98916798
0.55108851 0.77583431 0.44885559
0.56827833 0.16577419 0.32974474
0.70259668 0.50471580 0.00456409
0.01457704 0.79819665 0.81550716
0.43244330 0.39559074 0.19130158
0.74073940 0.63239770 0.63168857
0.13511916 0.33028669 0.55040343
0.89661456 0.16384117 0.04739948
0.07955464 0.53826764 0.19896449
0.15156677 0.78221169 0.88991138
0.19080976 0.71625817 0.52758454
0.19156766 0.21114973 0.31430654
0.75945047 0.05194123 0.77845975
0.09715240 0.99608650 0.26626435
0.68110612 0.96356453 0.19916961
0.62347552 0.78566717 0.22935020
0.33067865 0.13898787 0.93677423
0.76780180 0.07733769 0.85782584
0.16014328 0.01774811 0.82809304
0.68390317 0.18533120 0.75086905
0.75655653 0.35760740 0.72953904
0.98662114 0.75258419 0.32372309
0.46895208 0.45983010 0.86493674
0.91359499 0.76946920 0.20143406
0.55694580 0.53545850 0.87910280
0.83652857 0.12840067 0.14644188
0.79504775 0.79804056 0.01819967
0.01525258 0.64470451 0.49184287
0.63725722 0.80742298 0.67595537
0.21829440 0.92517643 0.84896448
0.88180756 0.41308818 0.15775893
0.63245924 0.20780455 0.08441651
0.68694058 0.67789275 0.39387883
0.21579559 0.55358422 0.08268458
0.02516320 0.68021552 0.67228562
0.07651681 0.82625236 0.51919104
0.23111972 0.49929339 0.39539317
0.24982951 0.25910816 0.84427462
0.83663786 0.47432360 0.73581771
0.01570453 0.16337885 0.22319762
0.13573805 0.61126590 0.41689491
0.38298194 0.11888712 0.57817057
0.20480138 0.08059155 0.74534036
0.80938853 0.53891856 0.05742959
0.08701578 0.24239930 0.01170039
0.17392171 0.49751304 0.63100234
0.27400644 0.72101183 0.63640053
0.74892062 0.02039116 0.31926896
0.69633586 0.25881879 0.07868378
0.78887011 0.12693035 0.79990894
0.87994524 0.77523663 0.88749098
0.69118052 0.65336841 0.25193185
0.24787470 0.48509295 0.40724732
0.91334679 0.91221716 0.90369944
0.00034197 0.53469613 0.15446361
0.11927206 0.61502044 0.40085536
0.71597582 0.26441499 0.68485592
0.56276872 0.59232120 0.04002983
0.15414286 0.86481196 0.54286567
0.06674290 0.06854616 0.56241035
0.38689211 0.66780694 0.27329522
0.70977296 0.43581889 0.72064675
0.13132878 0.93962524 0.96611523
0.44454716 0.46155692 0.69403196
0.16965595 0.67129734 0.33890508
0.18183279 0.32948273 0.69247853
0.39664909 0.13535657 0.63317048
0.98631332 0.02700795 0.99368823
0.61978972 0.83404590 0.37637091
0.80836498 0.58147151 0.83212987
0.19502941 0.95228533 0.82172574
0.70985036 0.89413938 0.52900481
0.38423216 0.78183979 0.01567220
0.24661436 0.87806196 0.34014868
0.27549567 0.49048826 0.04290301
0.44812701 0.69040949 0.08682821