0.24502177 0.80489835 0.17718071
0.82163453 0.52047869 0.66796895
0.61010356 0.51527949 0.96627167
0.49599526 0.91239630 0.47431756
0.69112842 0.55274913 0.88893391
0.37125587 0.75062362 0.65562735
0.58106836 0.22430456 0.28307662
0.06811608 0.18277090 0.51927706
0.16440623 0.18920281 0.23118483
0.59856012 0.27674700 0.08779674
0.12279812 0.97749785 0.06104373
0.99283826 0.67752663 0.89641046
0.57566379 0.37154246 0.34374620
0.64437118 0.59729533 0.17923514
0.56430907 0.20683169 0.93411099
0.33354378 0.65333515 0.13114478
0.55981698 0.64032744 0.05696655
0.56099071 0.20580323 0.27384660
0.88498894 0.64148229 0.89216317
0.64385596 0.48091564 0.62511747
0.21307733 0.34413137 0.13118786
0.87405286 0.09300114 0.81035623
0.13380751 0.07069765 0.92906151
0.07927806 0.98109119 0.13202713
0.14620653 0.24074928 0.42280836
0.45861792 0.81476513 0.09289073
0.11050760 0.12590457 0.00599633
0.06972086 0.59390303 0.17595156
0.29191893 0.42525032 0.16562573
0.78625449 0.06285629 0.78534976
0.37358457 0.17406520 0.66572085
0.68038530 0.34406638 0.67431385
0.79198940 0.16240696 0.84275552
0.35243605 0.53961577 0.55162547
0.88529336 0.67869110 0.23234395
0.81029194 0.90072611 0.90969443
0.78297831 0.82348840 0.69489268
0.68673820 0.41611048 0.56265608
0.38693012 0.18101054 0.32593061
0.33823752 0.48209244 0.38818797
0.06214491 0.13208878 0.96797702
0.87203793 0.64253926 0.20317648
0.10058099 0.13458664 0.36819595
0.83007122 0.88523685 0.85169251
0.86016215 0.79196508 0.40615171
0.70173347 0.14334022 0.65973048
0.29440824 0.99460672 0.25665346
0.58197247 0.95476853 0.02536846
0.49593783 0.46024081 0.65142343
0.74030494 0.82208066 0.92554355
0.48760307 0.43990785 0.42518386
0.81631910 0.08723988 0.48424245
0.40260892 0.60893479 0.08797182
0.84428224 0.00287935 0.29074766
0.24108056 0.87066787 0.62933428
0.00846337 0.77552796 0.65273066
0.64768107 0.44210009 0.15702631
0.76582969 0.41536477 0.61835519
0.01484424 0.09679073 0.88451242
0.64614910 0.76901711 0.38005004
0.04145699 0.32637747 0.00444370
0.06530897 0.51168647 0.41864234
0.43388828 0.30984922 0.00209488
0.42786540 0.82908704 0.39674643
0.98953487 0.47129383 0.60388236
0.77740606 0.38479752 0.58982118
0.95672148 0.96498924 0.22369232
0.04980493 0.87876796 0.21298047
0.81265297 0.30841397 0.44605989
0.31299156 0.88877720 0.99311881
0.13174055 0.52598735 0.51991811
0.45898585 0.60890648 0.91550176
0.31654002 0.63266055 0.15053304
0.29156562 0.81748363 0.87263996
0.64743372 0.19533001 0.65596714
0.47822776 0.50329641 0.00052421
0.75464969 0.49062974 0.07194553
0.79390976 0.38551665 0.77989595
0.09781546 0.35615609 0.31643326
0.86618229 0.59619036 0.84007107
0.14804284 0.34464072 0.71358112
0.04112375 0.65728694 0.29145091
0.80905634 0.88204129 0.14803910
0.55783016 0.53534661 0.49032483
0.00336599 0.69624563 0.44199743
0.25476010 0.67869667 0.65274506
0.98911881 0.78775254 0.38934827
0.12715280 0.26772448 0.02074635
0.61108932 0.06614788 0.67951106
0.56146800 0.83758202 0.68100517
0.93727239 0.20984888 0.82224718
0.02069006 0.14409693 0.74353719
0.04044926 0.32617691 0.00179350
0.61231174 0.19422755 0.39032564
0.05106300 0.69923609 0.20459952
0.82820270 0.42599778 0.41691241
0.91179571 0.61678041 0.64225547
0.96287572 0.97756755 0.90163176
0.80450099 0.02490406 0.77937762
0.20616710 0.59351511 0.97272742
0.75605297 0.05074992 0.64406180
0.03775582 0.07234549 0.12497025
0.70645615 0.01375947 0.09368211
0.30491497 0.79101402 0.63977837
0.70665484 0.81571944 0.91030285
0.76278953 0.29825047 0.02253007
0.84662786 0.54485694 0.57294234
0.16100500 0.21075532 0.97750950
0.05908223 0.01477759 0.44228511
0.63591042 0.85850035 0.14139482
0.88600134 0.09906375 0.81278539
0.16088340 0.64526098 0.82402257
0.10452568 0.24395171 0.92916528
0.95315335 0.06545500 0.05487614
0.58755940 0.60796814 0.86062362
0.19758157 0.49119260 0.67420486
0.15632930 0.52551585 0.50931638
0.99558677 0.12271678 0.43905254
0.45162631 0.78163089 0.55802529
0.75274539 0.02216473 0.56424115
0.39091911 0.13218226 0.83545214
0.87003136 0.37426126 0.57156307
0.64978131 0.96439477 0.63027312
0.10339926 0.05662045 0.08547560
0.27725465 0.99785919 0.52553190
0.76744567 0.68925434 0.79791472
0.33772756 0.36476747 0.29640518
0.81179871 0.12176008 0.38079650
0.80858077 0.09868286 0.75463094
0.21128581 0.52604873 0.82801650
0.45602181 0.08483625 0.15077590
0.06551228 0.45796498 0.62455634
0.28947116 0.82557534 0.76523471
0.16719727 0.37565017 0.53082615
0.46891196 0.78621178 0.79468365
0.93320900 0.67018529 0.63142507
0.17113679 0.51321036 0.11152914
0.78850110 0.66143734 0.52548627
0.06512255 0.11530886 0.69574941
0.99914020 0.41582687 0.18294870
0.85969061 0.07339510 0.16198762
0.05918891 0.10175911 0.96028173
0.14249988 0.80488574 0.54299674
0.89948165 0.16310284 0.38840824
0.55341052 0.21632723 0.21853729
0.91893844 0.11713793 0.64392282
0.44344289 0.08007230 0.85405777
0.33012600 0.48708970 0.91485128
0.00419627 0.77373695 0.13544595
0.17667013 0.05102231 0.61376533
0.47357993 0.67557044 0.12799396
0.87481348 0.17080552 0.61643009
0.66574068 0.69538162 0.61877388
0.14873946 0.23283136 0.53329535
0.30569766 0.51421162 0.87629556
0.34876905 0.46486706 0.20652260
0.86057332 0.16924080 0.99899164
0.45696404 0.10328433 0.63768213
0.10164899 0.46534455 0.28984252
0.13902098 0.74376859 0.97348139
0.18095124 0.96404674 0.54460495
0.16783993 0.94527778 0.80825891
0.86493478 0.53180065 0.71977863
0.08329658 0.97480162 0.60620101
0.35766292 0.29119334 0.46256182
0.65377823 0.76499811 0.32209047
0.56340392 0.31906707 0.08490008
0.18588874 0.30268447 0.56745127
0.00007479 0.94957124 0.43250550
0.78877627 0.80349077 0.36540012
0.44487001 0.54145752 0.55104961
0.59293279 0.94882924 0.55976483
0.82634260 0.92457216 0.10806800
0.92402207 0.59576752 0.96821544
0.04495978 0.74100075 0.62613827
0.56759566 0.96423583 0.88976620
0.37670413 0.32735386 0.34554859
0.59327950 0.82238385 0.04106525
0.04182840 0.64749522 0.70013687
0.46329500 0.84167782 0.44192590
0.42782604 0.22449566 0.72595512
0.11706837 0.32161111 0.21692996
0.32701242 0.35863202 0.17000332
0.54797330 0.07587839 0.84567134
0.81371677 0.27380596 0.30420312
0.40380690 0.20716429 0.09767691
0.66734843 0.12937820 0.39421087
0.14612994 0.67308249 0.01271474
0.68470756 0.95429660 0.99035734
0.90026317 0.78645019 0.19036864
0.76646307 0.61122906 0.11194179
0.77779538 0.57929400 0.31823036
0.00816115 0.33188708 0.48790175
0.09426115 0.15682656 0.66682230
0.40607021 0.77593869 0.55810505
0.45677265 0.54441954 0.05470664
0.12242055 0.03137693 0.25130838
0.48115350 0.62047575 0.17625455
0.19305080 0.34275693 0.04221943
0.80782673 0.54720085 0.14430080
0.11890931 0.17246016 0.71918602
0.50891454 0.06735330 0.31218465
0.14610024 0.53667016 0.43174554
0.69990501 0.60804431 0.20721810
0.62514557 0.39683206 0.42035904
0.15617552 0.68205259 0.00138416
0.28729560 0.26130023 0.75662263
0.49767800 0.03792988 0.33579911
0.31911075 0.05049499 0.31569022
0.49019274 0.68123576 0.08538705
0.80150141 0.68604696 0.87997649
0.83494833 0.26218875 0.36119391
0.84186115 0.75161480 0.18543941
0.12552208 0.56336766 0.02934639
0.88928776 0.61000525 0.46020550
0.07319540 0.30417114 0.99623225
0.23754348 0.51399369 0.06618969
0.61543263 0.12963915 0.55469528
0.95089991 0.69903831 0.21619668
0.06241357 0.96935275 0.27864603
0.49938480 0.94526014 0.23734012
0.43242031 0.44192205 0.73046321
0.99251360 0.08360065 0.01095471
0.23488370 0.72760194 0.55473976
0.63969144 0.21059851 0.61955578
0.00590409 0.95127246 0.99721686
0.27173237 0.04309164 0.98106223
0.38604286 0.95231130 0.17185730
0.44873174 0.13205290 0.61348077
0.44393827 0.23265122 0.42809119
0.16886803 0.27637770 0.48069093
0.50964414 0.67275568 0.55848519
0.13508224 0.34589171 0.85150643
0.92166453 0.81477506 0.27965395
0.59624677 0.16147945 0.74659134
0.96187648 0.90676992 0.30642097
0.13566927 0.46112186 0.66452508
0.77488671 0.49814670 0.80297260
0.73813513 0.05938719 0.22551857
0.35022749 0.29815642 0.16268141
0.55787600 0.71407202 0.02914763
0.96414425 0.37369936 0.85003852
0.52868497 0.11904795 0.14260453
0.86232351 0.49959030 0.36272363
0.52733369 0.07104861 0.78897461
0.35598737 0.83528477 0.20795395
0.56834082 0.12768528 0.49883219
0.40569060 0.23918645 0.17852373
0.42543130 0.47703189 0.23556078
0.45286298 0.20138608 0.52240222
0.48593646 0.20806034 0.70366814
0.36278470 0.23965007 0.68997872
0.54379055 0.73353590 0.32941326
0.69177012 0.56940757 0.17799868
0.99033921 0.65114058 0.85171734
0.60186410 0.40655126 0.60522632
0.24482390 0.15477566 0.85362510
0.34766711 0.73451393 0.84230475
0.91886925 0.60190310 0.85264115
0.39521869 0.20686734 0.24917748
0.73751993 0.38262972 0.77419903
0.38626646 0.57891749 0.93927048
0.00676550 0.23213986 0.61997301
0.29106285 0.50726140 0.50170423
0.38079014 0.76922036 0.26259388
0.56208954 0.87671924 0.69708683
0.90705507 0.14022021 0.62719391
0.33519593 0.42607115 0.15316251
0.07252615 0.66511630 0.28113878
0.68513653 0.56671185 0.21789104
0.17469132 0.60379310 0.12421686
0.03888513 0.72056793 0.50430834
0.82572648 0.54557515 0.22233853
0.31963497 0.16788753 0.15417762
0.66775084 0.76322909 0.87776817
0.40234073 0.63154973 0.33071687
0.49231838 0.80929495 0.76858076
0.43545425 0.86324555 0.04856463
0.18703499 0.38424936 0.88413556
0.13659961 0.61833723 0.13143951
0.27215372 0.35365272 0.09398724
0.17320969 0.15886609 0.03557475
0.76835518 0.96742737 0.76676473
0.86900907 0.11389421 0.37360932
0.83123285 0.53467546 0.91347694
0.40717792 0.51902846 0.10851079
0.04890748 0.29428728 0.96071180
0.80930363 0.34988550 0.64641849
0.17270109 0.35107781 0.73268599
0.40755991 0.30264457 0.97934742
0.21584905 0.02561885 0.69379680
0.19736064 0.59239933 0.42443085
0.66932748 0.48513773 0.42043132
0.99498353 0.94148804 0.82175896
0.39047351 0.83896034 0.82213436
0.94625027 0.19703185 0.75411664
0.48985195 0.74883599 0.64808614
0.75022541 0.95729022 0.09117793
0.57742800 0.23191894 0.05286645
0.74250781 0.91158195 0.08744621
0.97650835 0.22065581 0.55692827
0.65689288 0.45807953 0.37826662
0.88624895 0.62336093 0.01889294
0.06334874 0.72428990 0.28120975
0.07968886 0.91936479 0.38905297
0.84008504 0.85165487 0.67039783
0.00114686 0.54445925 0.62497113
0.83078822 0.50625036 0.91274615
0.47812226 0.25514478 0.37718737
0.54066587 0.20701528 0.54331574
0.01517905 0.50335225 0.30176310
0.59925416 0.75477627 0.33455984
0.72457595 0.90117498 0.48204108
0.48098024 0.28566165 0.16094923
0.75360709 0.17078182 0.99116984
0.62877789 0.77604068 0.73037276
0.05651664 0.39311380 0.93257125
0.79255808 0.71265426 0.35917948
0.55753893 0.99892711 0.50694381
0.64715150 0.66305562 0.04805194
0.07374357 0.88264203 0.49948211
0.55676762 0.88707120 0.58625459
0.40593838 0.59845933 0.95132550
0.16917300 0.97338747 0.01381727
0.49545320 0.24227193 0.75368236
0.27600566 0.70322183 0.18451261
0.05608516 0.78416264 0.96441896
0.71699746 0.85088266 0.47964456
0.11610445 0.01793642 0.20063750
0.54728861 0.81998191 0.78412348
0.35620755 0.53688598 0.02552290
0.22146380 0.70628636 0.36542609
0.68645684 0.44673953 0.69427892
0.22159972 0.38245601 0.28904296
0.85003471 0.37169357 0.68106064
0.68426645 0.28687497 0.66279376
0.92786763 0.32260704 0.01343730
0.58676481 0.25723372 0.05894589
0.40644288 0.50077088 0.80580107
0.72936487 0.98143942 0.91376322
0.23038408 0.65571904 0.65094149
0.80515403 0.87114033 0.82165794
0.16886818 0.73240682 0.40941624
0.78472226 0.04969380 0.20529170
0.29354984 0.75665323 0.08823347
0.68907377 0.58655345 0.34555632
0.70922499 0.58655758 0.42012584
0.36720610 0.12143740 0.28153241
0.32990562 0.15651581 0.87016889
0.65497783 0.55120948 0.98587960
0.74591469 0.22566123 0.65759875
0.55669713 0.70847844 0.97963185
0.12803740 0.02185113 0.63847612
0.74296707 0.94055227 0.53689159
0.78584285 0.49866725 0.88369080
0.59652972 0.61237833 0.26709048
0.84723593 0.52445224 0.14869545
0.28928394 0.80737581 0.37002156
0.78010982 0.94528105 0.55055283
0.66385507 0.02776492 0.76749139
0.50106939 0.64666691 0.93707841
0.22685007 0.47184827 0.79935872
0.36411894 0.93805011 0.88962917
0.97132632 0.67358884 0.59033941
0.36890400 0.24531960 0.41856724
0.37990017 0.17049761 0.48471598
0.43789364 0.12730164 0.50683536
0.36442557 0.46634311 0.36449903
0.68329961 0.24778734 0.39724619
0.49338182 0.87080433 0.83376540
0.95371291 0.30450540 0.45977344
0.27936315 0.05693524 0.60945413
0.50988787 0.43177204 0.44606212
0.61591722 0.72953697 0.97822193
0.16627979 0.10900699 0.54252111
0.86603232 0.03601220 0.62191809
0.30339267 0.06714432 0.35802485
0.29518666 0.43611885 0.48633737
0.42087585 0.23307454 0.69950818
0.39652917 0.18317346 0.23629327
0.31674928 0.51547261 0.62966418
0.78442135 0.10010792 0.74097965
0.37487817 0.36298473 0.62764312
0.96405447 0.71454250 0.94979741
0.37014974 0.47013756 0.93974108
0.10122343 0.70673330 0.72793019
0.45958766 0.12182695 0.85534382
0.68418528 0.32744206 0.48355450
0.17328989 0.67721871 0.52517213
0.68654994 0.83202995 0.20618187
0.63098092 0.05923306 0.43079813
0.79908586 0.14227924 0.01758882
0.15767351 0.49745707 0.94834053
0.13041350 0.82814553 0.01705817
0.51202183 0.40574083 0.27976969
0.99669024 0.18925328 0.82901792
0.80549109 0.04117701 0.84346715
0.84819255 0.12600800 0.30855389
0.53931053 0.07200910 0.60853419
0.40574582 0.17067953 0.45659545
0.99820439 0.00852870 0.26127659
0.12123492 0.33833406 0.95263109
0.91042498 0.06600815 0.07506293
0.13485049 0.92983284 0.63299573
0.50177166 0.46764450 0.70647803
0.03834816 0.53073958 0.64038845
0.71583076 0.23131250 0.60006886
0.30016022 0.80452878 0.12300829
0.52887165 0.23617302 0.82528547
0.93587663 0.33107962 0.42796363
0.24863096 0.32450733 0.86060958
0.94386648 0.63585283 0.18253264
0.69746950 0.15749471 0.11315945
0.20122092 0.33078684 0.55882737
0.53955719 0.36492973 0.44468160
0.97058318 0.99121229 0.62558410
0.63471547 0.77788622 0.39094356
0.18097176 0.25232557 0.96829330
0.08635901 0.35230062 0.78241919
0.28259334 0.65060839 0.40821937
0.19018555 0.42087650 0.21226271
0.71357338 0.77750948 0.84967602
0.26367723 0.20530396 0.88262885
0.91631264 0.04788725 0.86317773
0.02695352 0.35074533 0.56371708
0.40505517 0.91330543 0.46322946
0.91539766 0.73597908 0.05826737
0.11842021 0.93474414 0.39305738
0.63695972 0.34005823 0.10127567
0.60410952 0.81375958 0.23468942
0.17538492 0.24525475 0.43787821
0.62479435 0.05317728 0.39503712
0.72721844 0.74921067 0.44034788
0.86497247 0.07361314 0.88314954
0.97463064 0.22274136 0.34257045
0.25594534 0.51029792 0.34869590
0.33334152 0.19947741 0.76015262
0.57281814 0.04390948 0.52870921
0.44108242 0.27446221 0.98651180
0.42157812 0.41829193 0.85909873
0.76736778 0.03331697 0.86836635
0.90114289 0.92170909 0.62209061
0.19534209 0.46914199 0.53253426
0.51880545 0.87418141 0.33126565
0.45433628 0.46590774 0.67154787
0.28989591 0.39193664 0.85022908
0.84462472 0.00022977 0.95760533
0.00651519 0.44550419 0.42479721
0.11221358 0.51802930 0.63739830
0.10109198 0.14058302 0.93101308
0.56815281 0.85932592 0.49557074
0.29990500 0.06402878 0.73009521
0.86006054 0.52720181 0.78659210
0.00028587 0.98615176 0.48482330
0.44001987 0.30418420 0.71172003
0.00449738 0.71042072 0.06986228
0.71388972 0.34567120 0.70664182
0.56004747 0.05255778 0.41312032
0.11317479 0.46715815 0.75652116
0.38893665 0.03140321 0.67643637
0.48745257 0.80774001 0.41551433
0.87201798 0.32556676 0.03233926
0.64009419 0.26377834 0.68923842
0.73384791 0.97042098 0.40565114
0.40512265 0.64305839 0.28384343
0.27893845 0.10670929 0.82362668
0.26050816 0.87693141 0.70798483
0.84778317 0.05729951 0.89788391
0.17681190 0.28710083 0.46079652
0.93291847 0.31398601 0.54557484
0.16590155 0.56714184 0.54499468
0.14192004 0.42383669 0.77822493
0.27383411 0.67368895 0.26197192
0.77865705 0.00774257 0.56972402
0.51115140 0.18105947 0.87177304
0.41566175 0.87780634 0.32056678
0.31721027 0.36991477 0.31177658
0.51992663 0.35779802 0.95874251
0.72351473 0.29164717 0.89698702
0.33754270 0.77539121 0.71032584
0.15174027 0.35682054 0.14664955
0.89412231 0.17618267 0.37642533
0.93755129 0.45093787 0.46483121
0.20897506 0.25212148 0.34304388
0.15055424 0.44497964 0.33439267
0.19922694 0.53677558 0.23091432
0.39457570 0.24085460 0.74720382
0.35590244 0.35664611 0.69256180
0.32675485 0.30986701 0.78104859
0.86041276 0.13017152 0.75333527
0.68503010 0.81423519 0.30610402
0.07114403 0.16685234 0.85262809
0.22693503 0.42430228 0.62463668
0.97626268 0.19838289 0.14433704
0.49736471 0.43856654 0.43587005
0.70333951 0.22535948 0.13832638
0.50206361 0.21347816 0.24241145
0.35443689 0.88334180 0.45542112
0.23079527 0.76138332 0.87029931
0.64989071 0.44965715 0.96772922
0.85689909 0.73651289 0.44341240
0.94404962 0.95053706 0.25244056
0.12971416 0.62867181 0.77731518
0.46407925 0.21891408 0.66120473
0.84079853 0.61463771 0.01552077
0.27351017 0.82146650 0.62118852
0.17958172 0.87592807 0.64048750
0.79708294 0.75986802 0.56034666
0.33265742 0.05574919 0.31038914
0.78451563 0.30074686 0.83507808
0.16715181 0.55525754 0.47064997
0.75673145 0.59723407 0.88320500
0.05351069 0.66149116 0.68404546
0.03171801 0.88291132 0.94793663
0.44244122 0.37220592 0.26589934
0.70907107 0.67137986 0.50704394
0.76159784 0.15812120 0.49730596
0.72478971 0.85365636 0.92373866
0.18241121 0.06247857 0.39739605
0.87063606 0.61070749 0.41949951
0.05910859 0.64116735 0.75825251
0.38610020 0.64070498 0.15096982
0.99317839 0.45162903 0.52422665
0.98233035 0.52565453 0.37955420
0.94537515 0.32353240 0.49232299
0.28153315 0.45274667 0.13757964
0.11439244 0.23186103 0.94049093
0.22419277 0.46993625 0.87577180
0.55208303 0.99223118 0.73893759
0.63231096 0.04375248 0.60356444
0.57148914 0.97390166 0.12017589
0.73762516 0.58746630 0.12181991
0.24287528 0.52789239 0.48192100
0.63756301 0.24741054 0.54385868
0.51248008 0.19996506 0.42960484
0.63167834 0.21699004 0.46616591
0.84935087 0.88366643 0.10298816
0.35024272 0.02670175 0.56225413
0.91679466 0.63750929 0.55043815
0.06742816 0.37783772 0.01567367
0.07054439 0.15597085 0.68529620
0.48296183 0.71092366 0.31584568
0.35513597 0.40699985 0.44191572
0.29844084 0.56147186 0.27311171
0.62859430 0.84375468 0.58109650
0.52993903 0.43511463 0.89154208
0.53828901 0.29212255 0.02367743
0.61030976 0.03313837 0.65146407
0.10111658 0.75885361 0.08578126
0.17694434 0.45340395 0.93949124
0.92547034 0.77024678 0.52634897
0.08724870 0.87523534 0.49470715
0.94309239 0.64907299 0.06232862
0.37562918 0.38909979 0.08830680
0.21267505 0.76701731 0.11035017
0.80113601 0.82840474 0.35851392
0.26057933 0.51391486 0.30474403
0.22259558 0.11655867 0.85605765
0.50545400 0.29815650 0.94659702
0.87119771 0.53355897 0.77678449
0.63392403 0.75803226 0.20156650
0.61807778 0.47360716 0.69829881
0.87601391 0.97895175 0.53592815
0.77581013 0.41449782 0.25943272
0.50988311 0.61129198 0.63615614
0.74031126 0.69363612 0.26633254
0.90248982 0.60184356 0.01976631
0.85437920 0.98550222 0.49146224
0.68932061 0.80359259 0.74292636
0.20498880 0.47718747 0.29232232
0.09778454 0.81866430 0.24669347
0.88905043 0.85035544 0.26617556
0.37358267 0.13440600 0.72760096
0.93783723 0.43753342 0.55923339
0.77782418 0.51249713 0.93066567
0.31497060 0.36934350 0.95402643
0.56885341 0.82987413 0.95779405
0.00042428 0.64500386 0.48418982
0.56730551 0.67565602 0.30348872
0.48644408 0.13908841 0.22217836
0.82211015 0.47546210 0.06593260
0.21367860 0.49020256 0.38416455
0.60356838 0.65470234 0.69710483
0.26531272 0.59249815 0.36602831
0.85309947 0.70364290 0.61942427
0.01593606 0.93626790 0.06052800
0.30854112 0.53728252 0.55933037
0.99902070 0.08860643 0.81595250
0.45996615 0.06222571 0.32033565
0.47980845 0.71285321 0.10441591
0.22919551 0.97439636 0.53488778
0.35361024 0.01790895 0.41899068
0.90418060 0.95863646 0.97221994
0.41595097 0.79013996 0.67791415
0.64365990 0.19557587 0.02411670
0.87434072 0.87898608 0.07032106
0.84493362 0.27339636 0.54488359
0.18726598 0.02278136 0.51185245
0.76693299 0.71551669 0.36795979
0.95717776 0.83601211 0.76692267
0.57100672 0.79335952 0.05430121
0.78658771 0.39834229 0.16419569
0.30240715 0.74544766 0.65391576
0.37204451 0.64105604 0.78444145
0.42826507 0.26750886 0.81862909
0.85308760 0.99529581 0.07963090
0.34715081 0.49269471 0.89934439
0.13718344 0.61223041 0.36750978
0.22487191 0.27415309 0.18131564
0.23722575 0.82607932 0.59402251
0.28814326 0.91875796 0.76337999
0.62939263 0.67760221 0.55910954
0.17674981 0.39150762 0.43704671
0.90315547 0.99998091 0.53667652
0.12717731 0.45892582 0.22790768
0.47287447 0.59988071 0.99354615
0.74631352 0.02468944 0.25587958
0.22130589 0.43751162 0.92215427
0.49309960 0.22681917 0.47558260
0.21855806 0.47424205 0.93324402
0.75253578 0.68917362 0.35843211
0.97862294 0.77764564 0.98054267
0.96132549 0.60423256 0.79261952
0.71216581 0.57563908 0.75999529
0.45316642 0.99199350 0.56408878
0.48300702 0.56024169 0.39151887
0.60298099 0.32894190 0.59307588
0.56332637 0.48854781 0.92059505
0.66868595 0.78927311 0.59392142
0.60261678 0.43562399 0.52961319
0.43006060 0.73556892 0.11480484
0.09815831 0.41225884 0.17489651
0.53263745 0.23800073 0.61914101
0.85413646 0.00538873 0.67343627
0.61533790 0.62417259 0.45826139
0.27921200 0.20614828 0.47709035
0.79324309 0.31672774 0.41389204
0.40655067 0.17011205 0.08535540
0.84059625 0.55339328 0.07860074
0.27933249 0.62403626 0.98749310
0.47281022 0.82632476 0.24131573
0.04702050 0.24469444 0.49828669
0.39936057 0.30552318 0.16974709
0.44229217 0.47446016 0.49188639
0.98986440 0.63743405 0.06056788
0.93781540 0.31887314 0.88293016
0.05029680 0.58061899 0.32585591
0.07794331 0.75692073 0.40123934
0.82827516 0.49566583 0.41534381
0.80731703 0.22520590 0.67556857
0.26319131 0.88516016 0.58211317
0.71518318 0.90644062 0.58963321
0.51718709 0.09606744 0.83815459
0.16444350 0.61019213 0.66664790
0.36765488 0.01653755 0.71030894
0.60153276 0.14916618 0.97280227
0.48038188 0.78570425 0.57703877
0.12179038 0.90006408 0.18067324
0.62974501 0.92017843 0.23568666
0.71536167 0.09784935 0.23892530
0.29520716 0.75266456 0.82159376
0.37056964 0.46382680 0.15460603
0.08476210 0.41469878 0.26812531
0.28536206 0.62659986 0.26510247
0.34872396 0.92197278 0.98186266
0.63177534 0.31879843 0.29563251
0.18178237 0.26937577 0.15148793
0.22560054 0.30656128 0.32979429
0.66697185 0.52754928 0.20566436
0.39147798 0.95402629 0.74420006
0.41916207 0.67743085 0.69136863
0.27668616 0.55478726 0.78988352
0.44973131 0.66826256 0.92368605
0.17350991 0.21144684 0.36392205
0.57320733 0.10407779 0.53894101
0.47355285 0.99070225 0.00723999
0.75003874 0.98728090 0.92636326
0.96434713 0.44653858 0.56361011
0.05252479 0.16451752 0.67884236
0.32622525 0.69493194 0.55279988
0.41872174 0.29061748 0.62733457
0.41263678 0.26320588 0.23668767
0.81052694 0.04009912 0.35087241
0.18222772 0.18356519 0.68586169
0.80940129 0.10840416 0.79081385
0.64003178 0.73249882 0.16348284
0.27940535 0.84979852 0.65823242
0.67617200 0.47151335 0.46313773
0.81078787 0.59996936 0.23616137
0.21030868 0.67088629 0.33430384
0.26771211 0.52417409 0.08713273
0.11519575 0.04830354 0.63086719
0.10476344 0.36847644 0.59462071
0.84414543 0.60080132 0.61873629
0.88553774 0.93668481 0.19267996
0.34439683 0.59039626 0.35483674
0.28399014 0.18507535 0.11536247
0.90946395 0.58735501 0.92562716
0.04883769 0.94073375 0.43167516
0.93817833 0.26418466 0.18084216
0.95689828 0.53297877 0.12912838
0.86758783 0.62892505 0.51350618
0.04814868 0.99895665 0.48038224
0.78324317 0.38250725 0.97423355
0.58120670 0.16838447 0.17207595
0.70662067 0.56418217 0.81872999
0.22223393 0.68234273 0.91971003
0.26827611 0.23420390 0.01290863
0.70466973 0.44493023 0.90902657
0.49189967 0.51538424 0.49158252
0.58497617 0.69281366 0.32082878
0.48975452 0.96494842 0.89907535
0.14283356 0.16675692 0.51626021
0.46894508 0.67892291 0.50937290
0.36211718 0.56648915 0.52654012
0.14204877 0.29209965 0.71716578
0.68865919 0.45783810 0.50286332
0.86351895 0.72325029 0.59716595
0.44581770 0.19233702 0.64391620
0.46290572 0.19454550 0.58874844
0.71980893 0.70567980 0.51393626
0.84627553 0.18081931 0.33070598
0.46544981 0.58849073 0.23923792
0.85306825 0.44769635 0.31701946
0.27170986 0.08495693 0.36659319
0.52765205 0.35112694 0.80149218
0.58733957 0.69077944 0.43268255
0.87929110 0.82972577 0.33990896
0.51609740 0.39975056 0.75220639
0.22572519 0.91883853 0.37986543
0.83403908 0.11478183 0.60764400
0.16632600 0.82232046 0.60616523
0.37168221 0.81146908 0.57160140
0.01453639 0.39912453 0.40514219
0.83237638 0.89531066 0.78231206
0.89715802 0.51662061 0.03299252
0.63016768 0.68012069 0.66673743
0.17208952 0.95749587 0.63600997
0.72535141 0.62807499 0.74848582
0.86759264 0.87692762 0.50119046
0.53273194 0.80814899 0.88984739
0.40657432 0.43467132 0.98347243
0.12106525 0.20239775 0.45331240
0.45292919 0.53958354 0.39426560
0.28386271 0.97114583 0.06331753
0.05917432 0.50828244 0.29873131
0.67066025 0.58913724 0.66270710
0.76566665 0.90801793 0.00309469
0.00485347 0.34576778 0.25844005
0.92251368 0.84619169 0.86155200
0.84663994 0.77193240 0.11168558
0.66288811 0.46820623 0.74717580
0.30563756 0.32470293 0.23633606
0.53151001 0.97962619 0.49105121
0.96744247 0.55927539 0.69046082
0.05951340 0.71015179 0.84336158
0.59174531 0.44669533 0.44196782
0.06587502 0.14403194 0.95798231
0.40775419 0.60966259 0.41086310
0.90739161 0.29318386 0.60990153
0.26432668 0.55311842 0.85143308
0.17671122 0.84765215 0.84398374
0.22027659 0.50631107 0.79285170
0.54278182 0.33493969 0.36381526
0.90188920 0.72213490 0.85767735
0.57426188 0.60700502 0.60477343
0.49284376 0.48105274 0.63430746
0.59559620 0.22193397 0.86197709
0.33120320 0.20005118 0.19892652
0.49198863 0.70708821 0.00511152
0.33306905 0.73167625 0.61538427
0.76413011 0.01327269 0.45622593
0.63265357 0.43742200 0.14532610
0.12757557 0.92965201 0.29581971
0.67433788 0.03123478 0.30077611
0.21715024 0.64257813 0.13056837
0.95567826 0.03830478 0.23734366
0.65636905 0.37873307 0.31887404
0.05613754 0.06737179 0.04241679
0.72355489 0.94281576 0.60381629
0.98550829 0.10153781 0.30334754
0.35597716 0.08180046 0.17928039
0.06065640 0.43668719 0.03806363
0.59658000 0.26019177 0.29771870
0.39217041 0.91845889 0.67099602
0.76140265 0.68615407 0.21582777
0.07970362 0.12812952 0.13480209
0.73149176 0.98153617 0.84128554
0.91218309 0.06555370 0.16780401
0.90011258 0.43708176 0.42903100
0.01014167 0.45160199 0.46940846
0.47630684 0.40428186 0.42428544
0.68403904 0.95976010 0.78056817
0.76330501 0.79925108 0.02399036
0.04347896 0.65571429 0.83935100
0.88351252 0.69513260 0.43965718
0.40766285 0.43468603 0.85046255
0.62444668 0.95179144 0.78071115
0.61632659 0.85644310 0.12730792
0.27234056 0.81343688 0.11917157
0.34453470 0.77626035 0.12346102
0.71121211 0.03544287 0.57623342
0.10194845 0.08875542 0.18476455
0.63958944 0.42706901 0.34120431
0.14397489 0.47241164 0.27510472
0.28400893 0.90633046 0.58320526
0.57147484 0.93517228 0.33978619
0.59334445 0.87264948 0.01360036
0.02498138 0.98994118 0.69557774
0.83777733 0.73669661 0.91653775
0.36083764 0.16247469 0.51190412
0.26315759 0.10984342 0.92474521
0.25940465 0.96713511 0.11231229
0.90650333 0.60950666 0.00007162
0.39819963 0.83983795 0.40322416
0.23838396 0.87990377 0.97197847
0.83242681 0.55536182 0.95253539
0.59539886 0.80929827 0.13641497
0.62435185 0.49881216 0.91089479
0.32138580 0.08857602 0.28800958
0.63084721 0.72388275 0.65710297
0.05418408 0.18683273 0.57613770
0.28739216 0.88191123 0.43570127
0.84092182 0.20289788 0.65155326
0.28957327 0.20477258 0.29327077
0.01179189 0.87246157 0.94662610
0.20561297 0.99770635 0.12828055
0.39259570 0.42559570 0.64621592
0.03995607 0.19623268 0.80685940
0.03136879 0.35423633 0.77127910
0.98162191 0.72877135 0.96335807
0.98613856 0.45371839 0.51425433
0.20219688 0.08656436 0.26390323
0.99759716 0.09408333 0.22189223
0.72942671 0.47961687 0.41815859
0.40287125 0.14844502 0.94559630
0.78645431 0.51284490 0.80407403
0.82123936 0.66865084 0.76612746
0.73177017 0.76128281 0.96497057
0.34151790 0.14567071 0.15096569
0.78621248 0.30594679 0.04287124
0.58424620 0.32013106 0.37729863
0.05189724 0.95681898 0.88884966
0.34628499 0.88335728 0.68340888
0.88599339 0.13941891 0.29416304
0.30831292 0.73906198 0.20123682
0.79074347 0.34370663 0.49092758
0.26975966 0.92345535 0.80844640
0.96116368 0.78415376 0.19741719
0.85648645 0.63746365 0.14991048
0.12973710 0.04991679 0.59957922
0.77764929 0.09067849 0.04204268
0.41546887 0.71277557 0.39428037
0.54694672 0.66918872 0.87863483
0.95631282 0.44741457 0.21395638
0.87829157 0.07455659 0.51504412
0.99720960 0.55354686 0.22916819
0.31745562 0.66923416 0.00483888
0.05398201 0.77855172 0.11426583
0.28095545 0.53502190 0.52061806
0.58285030 0.26262040 0.96287877
0.10500080 0.77376357 0.10050358
0.75214172 0.70356354 0.84213422
0.20432240 0.38187755 0.42273926
0.93918055 0.13147457 0.20660402
0.63348463 0.73160808 0.65244954
0.63430004 0.52413468 0.84194501
0.57126800 0.65318852 0.16196740
0.01496204 0.01899777 0.83254740
0.24828802 0.53536716 0.02586934
0.69043783 0.34354638 0.63399122
0.66496669 0.41003375 0.67621299
0.00168767 0.84875356 0.45359509
0.12183533 0.38990272 0.26577377
0.60539105 0.52153492 0.90711014
0.66164919 0.80182233 0.81485266
0.37417360 0.63660925 0.01913778
0.28615740 0.80629159 0.67301059
0.72594946 0.72738226 0.69077458
0.72935317 0.35306294 0.55650020
0.92673527 0.07170812 0.29443530
0.03464872 0.30844336 0.66056228
0.97380223 0.91228966 0.60570187
0.42071000 0.94165720 0.26719466
0.80366637 0.67170269 0.44685596
0.65166761 0.38123533 0.49107137
0.75708372 0.59821828 0.44571350
0.50814153 0.85142287 0.62878719
0.68237050 0.30941036 0.94919962
0.58296783 0.28072423 0.96121030
0.65421198 0.75514573 0.11276069
0.87534452 0.41671787 0.71773656
0.47908104 0.89832546 0.80063403
0.43685576 0.74566527 0.49585580
0.53541320 0.39237179 0.15025163
0.33089388 0.38959721 0.89436393
0.24342557 0.60114171 0.10367144
0.85547254 0.70199934 0.91644815
0.77506485 0.09262604 0.71399662
0.94563022 0.72914157 0.65016099
0.36226106 0.32933898 0.40585923
0.83411654 0.41701984 0.49223602
0.87497731 0.21211479 0.79770833
0.03901736 0.88872226 0.61118746
0.77502400 0.75871435 0.46736904
0.36771943 0.94544809 0.72771062
0.52585534 0.31940111 0.71238891
0.11417014 0.80186143 0.45879331
0.01030418 0.17309215 0.40932395
0.10707592 0.76983810 0.04081754
0.30997936 0.70628512 0.71144251
0.37527480 0.21205508 0.94358359
0.06640542 0.01204174 0.58406340
0.02759980 0.36901595 0.35853443
0.18876807 0.07061612 0.30160268
0.25925937 0.12814746 0.40191434
0.91178151 0.61386895 0.95068579
0.54412719 0.68920679 0.69996145
0.41053363 0.07437008 0.88098367
0.90933415 0.57013107 0.03660925
0.71061680 0.64234610 0.59099323
0.45790701 0.77698750 0.66846467
0.47920861 0.57791709 0.47758712
0.97076222 0.76212316 0.90024016
0.38076523 0.71949703 0.54944753
0.25941941 0.81744414 0.21735593
0.30657899 0.87779493 0.83798812
0.81359094 0.39057569 0.43785091
0.76669215 0.02742820 0.04448305
0.72151559 0.19994137 0.84749270
0.72833530 0.62328747 0.02774302
0.66837746 0.78675421 0.71229215
0.17362534 0.57307689 0.83157289
0.67946147 0.11251808 0.38674042
0.47572644 0.05843447 0.56286267
0.93582220 0.93189830 0.86300464
0.50886814 0.33043880 0.55224428
0.74979092 0.42876409 0.90251783
0.28774418 0.57024199 0.79076943
0.11844269 0.22735680 0.85133772
0.62801214 0.42897889 0.17365057
0.39752655 0.18938576 0.95384362
0.67793524 0.60965868 0.42558531
0.59530790 0.03150068 0.74546512
0.79923883 0.60271231 0.45866422
0.53364306 0.48026119 0.83723304
0.33255772 0.32757145 0.75900171
0.23351936 0.04815531 0.00847317
0.85597288 0.76562824 0.80004819
0.06749416 0.56829058 0.09910712
0.71386393 0.49230529 0.29637502
0.39580710 0.73383117 0.73989469
0.35640295 0.54247148 0.83716014
0.30530443 0.57421648 0.66658466
0.74510300 0.93433516 0.02899878
0.67264346 0.36420842 0.83746078
0.64882450 0.24430179 0.52477625
0.72848284 0.56948301 0.96428704
0.42685154 0.67056724 0.13795456
0.11226014 0.03435824 0.83400136
0.42184422 0.73635417 0.40426311
0.35639671 0.45786138 0.26916133
0.78527391 0.88687429 0.07852098
0.32075673 0.93218237 0.01745287
0.00285307 0.00800648 0.51598704
0.67812309 0.52746458 0.01855841
0.95303149 0.57009677 0.28695028
0.88847276 0.29837436 0.25282929
0.81772601 0.22299677 0.13661446
0.96813728 0.97109260 0.54747013
0.96937035 0.40017637 0.53770810
0.88317412 0.13504175 0.52280826
0.67672392 0.98681980 0.75527241
0.39349260 0.61861505 0.72921231
0.51525737 0.97766285 0.69185078
0.74932765 0.36595495 0.53200139
0.37987074 0.85710897 0.28147012
0.00449215 0.79689314 0.63639984
0.91552775 0.19842321 0.87762322
0.72939573 0.77968721 0.73642789
0.73377198 0.27515994 0.01910344
0.35840927 0.07301691 0.09241607
0.73190142 0.40376690 0.10793794
0.62556854 0.11407472 0.71659689
0.66701421 0.52411916 0.94238718
0.12997478 0.07247078 0.63819836
0.02511589 0.43733986 0.31035928
0.97462536 0.59400637 0.43761791
0.13415869 0.41235842 0.61930694
0.61647912 0.87234172 0.46040846
0.03604568 0.68585989 0.91867724
0.38580624 0.78931404 0.44054721
0.35833962 0.01504938 0.51462452
0.20252001 0.39210992 0.02545796
0.08538402 0.21614256 0.20278514
0.23043243 0.98320080 0.88423674
0.79200820 0.70588862 0.36124860
0.49075235 0.32540539 0.59816173
0.06299114 0.83255913 0.95237491
0.92280701 0.56506780 0.13781427